52,3
52,2
52,1
52,0
51,4
51,3
51,2
51,1
51,0
50,4
50,3
50,2
50,1
50,0
0,510
0,509
0,508
0,507
0,506
0,505
0,504
0,503
0,502
0,501
0,500
0,499
0,498
49,5
49,4
49,3
49,2
0,497
49,1
49,0
0,496
0,495
0,494
0,493
0,492
0,491
0,490
0,489
0,488
0,487
48,4
48,3
48,2
48,1
48,0
0,486
0,485
47,3
47,2
0,484
47,1
47,0
0,483
46,3
46,2
46,1
46,0
0,482
45,3
45,2
45,1
45,0
0,481
44,3
44,2
0,480
44,1
44,0
0,479
43,5
0,478
0,477
0,476
0,475
0,474
0,473
0,472
0,471
0,470
0,469
43,4
43,3
43,2
43,1
43,0
42,3
42,2
42,1
42,0
41,4
41,3
41,2
41,1
41,0
40,4
40,3
40,2
40,1
40,0
39,3
39,2
39,1
39,0
0,468
0,467
0,466
0,465
0,464
0,463
0,462
0,461
0,460
0,459
0,458
0,457
0,456
38,3
38,2
0,455
38,1
38,0
0,454
0,453
0,452
0,451
0,450
0,449
0,448
0,447
0,446
37,4
37,3
37,2
0,445
37,1
37,0
0,444
0,443
0,442
36,4
0,441
